371,495,18,19
371,494,18,18
372,494,18,18
373,493,18,18
373,492,18,17
374,492,18,17
375,491,18,16
376,491,18,16
376,490,18,16
377,490,18,16
378,489,18,16
379,489,18,16
380,488,18,16
381,488,18,16
381,488,18,16
382,487,18,16
383,487,18,16
384,487,18,16
385,486,18,16
386,486,18,16
387,485,18,16
388,485,18,16
389,484,18,16
390,484,18,16
391,483,18,16
392,483,18,16
393,482,18,16
394,481,18,16
395,481,18,16
396,481,18,15
397,480,18,15
398,480,18,15
399,480,18,15
400,479,18,14
401,479,19,14
402,479,19,14
403,479,19,13
404,478,19,13
405,478,19,13
406,478,19,13
407,477,19,13
408,477,19,13
409,476,19,13
410,476,19,13
411,476,19,13
412,475,19,13
413,475,19,13
414,474,19,13
416,474,19,13
417,474,19,13
418,473,19,13
420,473,19,13
421,472,19,13
422,472,19,13
423,471,19,13
425,471,19,13
426,470,19,13
427,470,19,13
429,470,19,13
430,469,19,13
431,469,19,13
432,469,19,13
433,468,19,13
434,468,19,13
436,468,19,13
437,467,19,13
438,467,19,12
440,467,19,12
441,467,19,12
442,467,19,11
444,467,19,11
445,466,19,11
446,466,19,10
448,466,19,10
449,466,19,10
450,466,19,10
452,466,19,9
453,465,19,9
455,465,19,9
456,465,19,9
457,465,19,9
459,465,19,9
460,465,19,9
462,465,19,9
463,465,19,9
464,464,19,9
466,464,19,9
467,464,19,9
468,464,19,9
470,464,20,9
471,464,20,9
472,463,20,9
474,463,20,9
475,463,20,9
476,463,20,9
477,463,21,9
479,463,21,9
480,462,21,9
481,462,21,9
483,462,21,9
484,462,21,9
485,462,22,9
487,462,22,9
488,462,22,9
489,462,22,9
491,462,22,9
492,462,22,9
494,462,22,9
495,462,22,9
496,462,22,9
498,462,22,9
499,462,22,9
501,462,22,9
502,462,22,9
504,462,22,9
505,462,22,9
506,462,22,9
508,462,22,9
509,462,22,9
511,462,22,9
512,463,22,8
514,463,22,8
515,463,22,8
517,463,22,8
518,463,22,8
520,463,22,8
521,463,22,8
523,463,22,8
524,464,22,8
526,464,22,8
527,464,22,8
529,464,22,8
530,464,22,8
532,464,22,8
534,464,22,8
535,464,22,8
537,464,22,8
538,464,22,8
540,465,22,8
542,465,22,8
543,465,22,8
545,465,22,8
546,465,22,8
548,465,22,8
550,465,22,8
551,465,22,8
553,465,22,8
554,465,22,8
556,465,22,8
557,465,22,8
559,465,22,8
560,466,22,8
562,466,22,8
563,466,22,8
565,466,22,8
567,466,22,8
568,466,22,8
570,466,22,8
572,466,22,8
573,466,22,8
575,467,22,8
576,467,22,8
578,467,22,8
579,467,22,8
581,467,22,8
582,467,22,8
584,467,22,8
585,467,22,8
587,467,22,8
589,467,22,8
591,467,22,8
592,467,22,8
594,467,22,8
596,467,22,8
598,468,22,8
600,468,22,8
601,468,22,8
603,468,22,8
604,468,22,8
606,468,22,8
608,468,22,8
609,469,22,8
611,469,22,8
613,469,22,8
614,469,22,8
616,469,22,8
618,469,22,8
619,469,22,8
621,469,22,8
623,470,22,8
624,470,22,8
626,470,22,8
628,470,22,8
629,470,22,8
631,470,22,8
633,470,22,8
635,470,22,8
636,470,22,8
637,470,22,8
638,471,22,8
